0 0 11 9 1
0 1 10 9 1
0 2 13 9 1
0 3 6 15 1
0 4 12 9 1
0 5 7 9 1
0 6 9 9 1
0 7 16 8 4
0 8 14 8 4
0 9 13 8 1
0 10 12 8 1
0 11 11 8 1
0 12 10 8 1
0 13 6 9 1
0 14 8 9 1
0 15 5 8 1
0 16 9 8 1
0 17 13 7 1
0 18 12 7 1
0 19 11 7 1
0 20 10 7 1
0 21 7 8 1
0 22 6 8 1
0 23 9 7 1
0 24 8 8 1
0 25 6 7 1
0 26 5 7 1
0 27 16 6 4
0 28 14 6 4
0 29 13 6 1
0 30 12 6 1
0 31 11 6 1
0 32 10 6 1
0 33 9 6 1
0 34 8 6 1
0 35 7 6 1
0 36 6 6 1
0 37 16 4 4
0 38 8 7 1
0 39 13 5 1
0 40 12 5 1
0 41 16 2 4
0 42 14 4 4
0 43 7 7 1
0 44 5 6 1
0 45 10 5 1
0 46 11 5 1
0 47 13 4 1
0 48 9 5 1
0 49 8 5 1
0 50 13 3 1
0 51 14 2 4
0 52 12 4 1
0 53 12 3 1
0 54 11 4 1
0 55 13 2 1
0 56 10 4 1
0 57 12 2 1
0 58 14 0 4
0 59 11 2 1
0 60 10 0 4
0 61 11 3 1
0 62 12 0 4
0 63 16 0 4
1 0 11 17 1
1 1 13 16 1
1 2 7 17 1
1 3 16 16 4
1 4 13 17 1
1 5 14 16 4
1 6 12 17 1
1 7 8 17 1
1 8 10 17 1
1 9 9 17 1
1 10 7 16 1
1 11 8 16 1
1 12 9 16 1
1 13 10 16 1
1 14 11 16 1
1 15 12 16 1
1 16 7 15 1
1 17 8 15 1
1 18 9 15 1
1 19 10 15 1
1 20 11 15 1
1 21 13 15 1
1 22 12 15 1
1 23 7 14 1
1 24 8 14 1
1 25 9 14 1
1 26 16 14 4
1 27 11 14 1
1 28 10 14 1
1 29 14 14 4
1 30 12 14 1
1 31 13 14 1
1 32 7 13 1
1 33 8 13 1
1 34 9 13 1
1 35 10 13 1
1 36 11 13 1
1 37 13 13 1
1 38 12 13 1
1 39 7 12 1
1 40 8 12 1
1 41 9 12 1
1 42 10 12 1
1 43 11 12 1
1 44 12 12 1
1 45 16 12 4
1 46 14 12 4
1 47 13 12 1
1 48 7 11 1
1 49 8 11 1
1 50 9 11 1
1 51 10 11 1
1 52 11 11 1
1 53 12 11 1
1 54 13 11 1
1 55 14 10 4
1 56 16 10 4
1 57 7 10 1
1 58 10 10 1
1 59 13 10 1
1 60 9 10 1
1 61 12 10 1
1 62 8 10 1
1 63 11 10 1
2 0 4 9 1
2 1 5 10 1
2 2 5 9 1
2 3 3 10 1
2 4 3 9 1
2 5 4 10 1
2 6 2 9 1
2 7 5 11 1
2 8 2 8 1
2 9 6 10 1
2 10 2 10 1
2 11 4 11 1
2 12 0 8 1
2 13 6 11 1
2 14 1 8 1
2 15 3 11 1
2 16 2 11 1
2 17 6 12 1
2 18 1 9 1
2 19 6 13 1
2 20 1 10 1
2 21 6 14 1
2 22 0 9 1
2 23 4 12 1
2 24 0 10 1
2 25 5 12 1
2 26 1 11 1
2 27 3 12 1
2 28 0 11 1
2 29 5 13 1
2 30 2 12 1
2 31 4 13 1
2 32 1 12 1
2 33 5 14 1
2 34 0 12 1
2 35 3 13 1
2 36 2 13 1
2 37 4 14 1
2 38 1 13 1
2 39 2 14 1
2 40 0 13 1
2 41 3 14 1
2 42 0 14 1
2 43 5 15 1
2 44 1 14 1
2 45 4 15 1
2 46 0 15 1
2 47 6 16 1
2 48 1 15 1
2 49 6 17 1
2 50 1 16 1
2 51 2 15 1
2 52 0 16 1
2 53 3 15 1
2 54 1 17 1
2 55 2 16 1
2 56 0 17 1
2 57 2 17 1
2 58 3 17 1
2 59 3 16 1
2 60 5 17 1
2 61 4 16 1
2 62 4 17 1
2 63 5 16 1
3 0 8 0 4
3 1 6 0 4
3 2 0 0 1
3 3 4 0 2
3 4 1 0 1
3 5 2 0 2
3 6 0 1 1
3 7 10 2 1
3 8 0 2 1
3 9 9 2 1
3 10 1 1 1
3 11 3 1 1
3 12 2 1 1
3 13 4 1 1
3 14 0 3 1
3 15 5 1 1
3 16 0 4 1
3 17 10 3 1
3 18 1 2 1
3 19 8 2 1
3 20 2 2 1
3 21 7 2 1
3 22 0 5 1
3 23 3 2 1
3 24 1 3 1
3 25 4 2 1
3 26 0 6 1
3 27 5 2 1
3 28 0 7 1
3 29 6 2 1
3 30 2 3 1
3 31 9 3 1
3 32 1 4 1
3 33 3 3 1
3 34 1 7 1
3 35 4 3 1
3 36 1 5 1
3 37 5 3 1
3 38 2 4 1
3 39 6 3 1
3 40 1 6 1
3 41 7 3 1
3 42 2 7 1
3 43 8 3 1
3 44 3 4 1
3 45 6 4 1
3 46 4 4 1
3 47 9 4 1
3 48 5 4 1
3 49 7 5 1
3 50 2 5 1
3 51 3 5 1
3 52 7 4 1
3 53 4 5 1
3 54 8 4 1
3 55 5 5 1
3 56 2 6 1
3 57 6 5 1
3 58 3 8 1
3 59 3 6 1
3 60 3 7 1
3 61 4 6 1
3 62 4 8 1
3 63 4 7 1
